29 4
2424 3
3390 3
1588 3
1596 3
2338 3
783 2
955 2
81 2
3658 2
3410 2
703 2
474 2
521 2
3879 2
2895 2
27 2
1425 2
159 2
652 2
572 2
1769 2
2354 2
2767 2
2740 2
3734 2
1283 2
3967 2
1087 2
571 2
229 2
532 2
562 2
1592 2
1121 2
3501 2
2807 2
2097 2
2867 2
3712 2
2920 2
2615 2
1523 2
1647 2
3367 2
2997 2
244 2
2406 2
3773 2
796 2
913 2
2972 2
2581 2
2322 2
402 2
727 2
3028 2
2759 2
1325 2
2875 2
2297 2
143 2
787 2
3383 2
1046 2
3018 2
545 2
84 2
3615 2
1012 2
3589 2
901 2
1598 2
1305 2
2866 2
1960 2
2613 2
399 2
1997 2
3543 2
3377 2
3292 2
2668 2
700 2
1022 2
832 2
33 2
3324 2
926 2
784 2
2929 2
1950 2
237 2
42 2
2753 2
1580 2
24 2
1827 2
85 2
3939 2
3928 2
1117 2
1384 2
1288 2
1728 2
1091 2
2896 2
697 2